-3841.46
3297.93
517.152
-2923.24
3558.35
4501.78
3717.04
4926.22
-4557.99
1349.91
-833.198
-3715.56
3635.29
4384.52
1154.35
-1167.19
-15.2778
-530.642
4724.76
785.925
-1706.51
-4476.76
-1501.54
2775.5
-3670.71
640.122
-3601.33
-3988.84
1420.32
1477.98
-2787.25
-3839.07
-2945.72
2764.95
-1497.74
1612.45
-2634.02
2852.21
914.319
-1341.84
-4798.24
2342.97
-3839.71
-1510.75
2046.58
834.338
-628.314
-4205.01
4834.31
4621.61
4798.36
-4436.72
680.373
4091.81
382.483
4814.25
3405.08
-2467.87
-481.932
2815
914.543
-4274.35
4952.73
-4488.72
-4180.61
2464.71
-1821.67
186.225
4466.56
4016.37
-4987.62
402.057
4654.02
-3373.33
-1412.96
-3044.63
766.354
1028.01
2724.53
777.021
-3030.95
-549.172
-1477.43
-3687.34
-45.735
561.46
4122.41
-4442.81
830.534
-542.51
-1451.18
-3497.21
1798.23
-1806.89
-4318.79
4609.46
3737.12
2258.03
1017.41
2111.66
-4777.89
4028.8
-1197.4
533.564
175.459
4111.87
-10.5565
-4442.71
-2966.89
-2621.96
4558.55
-3399.9
-2948.67
1235.59
2025.74
-3785.21
-2848.82
3836.69
3357.45
-3923
-3948.39
-3212.3
4289.26
-4978.02
-2154.89
-1957.1
-3966.42
2437.9
1657.85
4978.72
-3003.97
-4816.08
-3543.7
2082.21
4206.35
794.393
-2771.67
-2268.65
-3732.07
-3432.2
-422.698
-1810.42
4397.35
-2206.72
-169.657
-1284.36
4050.16
-2756.43
-281.639
-2724.29
2622.82
679.381
-4601.46
-4117.49
1562.23
2143.81
-4280.34
-2075.37
-2112.84
4460.84
382.844
-1551.33
-771.479
3380.9
718.905
-4556.43
-4005.17
-2582.59
1335.8
124.005
1389.33
2474.76
-2689.86
212.445
-2732.11
-1992.87
-365.28
2623.28
-2228.02
-4288.79
4019.03
-2350.26
1140.08
4101.7
-925.347
1700.94
4655.79
1473.06
-3069.97
1516.85
2212.35
-1654.26
-4880.41
2911.05
-1608.67
-301.59
-589.804
3651.18
2672.04
4818.68
4545.4
3901.86
-724.984
3250.26
124.236
-4490.97
504.672
-3490.03
533.016
-1881.22
4875.12
-2772.33
-4823.17
-4656.94
1869.08
4226.33
4667.57
-4922.14
-2161.43
-2171.46
-4309.44
4139.58
1227.94
-1807.31
-158.861
2702.03
4804.01
624.635
-4663.25
4642.66
3384.5
2455.4
3842.25
1432.7
3659.65
1603
840.699
-4071.02
-3521.05
-2088.88
-4809.7
-1780.08
911.004
-3936.49
924.022
-1264.93
2442.4
-16.0572
2531.73
3735.73
4425.56
-1322.01
-77.8833
-4554.92
-2939.91
3668.15
-3033.83
3542.32
1296.54
-2163.97
271.059
4612.58
515.715
4174.9
-3245.3
-405.46
1525.23
4422.98
710.675
-4665.03
878.923
-2043.21
1304.87
1631.85
-914.484
924.854
2142.53
-4394.24
-3734.03
-3985.53
-4521.16
113.152
2713.88
3535.71
4666.73
3636.86
-2749.21
-1137.01
300.264
-2526.37
1497.94
-4283.38
-2080.43
4399.56
4341.59
2528.83
-2427.1
-3511.92
-1116.9
-23.4477
-208.542
-695.815
-2671.69
-3569.73
4249.7
3615.75
4803.02
-1193.38
-384.794
-3278.37
998.511
2034.14
-276.98
4842.26
879.998
4893.96
3147.67
-2717.71
753.206
-561.621
930.715
2916.1
3927.58
-2663.89
2598.05
-2607.27
-2052.08
3565.42
-4559.38
-2810.54
-737.216
-2662.38
-1085.64
3736.66
-2096.21
-473.409
-2292.35
-1629.33
-1726.46
1021.39
3881.29
-4883.28
3877.34
-654.725
-88.0994
1379.02
-1078.08
-425.17
767.691
-3088.65
3663.29
-1344.99
-2037.12
-794.593
4758.67
3561.17
-4233.71
-4449.59
2917.3
-672.705
1936.22
415.916
-564.067
-832.306
192.201
-2033.11
-3117.22
2226.25
4440.97
2619.02
1259.2
-728.595
3259.96
-4072.71
1097.48
-3905.23
2069.17
-464.496
-383.177
-2597.29
3712.85
-1653.39
-1162.06
338.867
-4139.3
541.789
3605.78
-1170.72
3553.83
-4022.97
-3150.16
-2548.68
-1071.07
-3756.5
4402.57
1372.25
-1470.59
773.853
522.279
1413.65
-1899.04
-4930.93
-3076.71
-2901.26
-4007.22
3448.24
4484.39
4131.23
2630.89
787.028
2530.72
3849.14
3310.07
-3543.06
-4774.89
1353.53
4538.91
2038.04
-3192.12
2464.91
-3777.51
-3692.2
-1829.17
1086.53
-333.878
-3240.81
1333.56
-2293.1
3715.9
3910.21
-2841.34
-3337.1
-3309.62
2152.62
-1303
1580.59
-2878.85
4198.8
-3820.44
-617.79
3441.74
-4915.8
-3995.62
-2327.31
947.117
-1401.52
-3313.03
-4521.82
2788.86
4703.37
1118.87
-1128.34
1402.34
-1513.24
-4031.99
-4455.7
-1712.84
-1594.2
-3589.75
-338.422
4097.4
4712.96
1212.68
1372.9
-3973.24
930.858
-334.524
-1379.45
-2940.89
1598.87
62.0756
-338.291
-774.683
-1982
-83.5676
688.934
2443.26
-1358.05
3364.32
638.361
1436.95
-2715.66
-3759.92
4004.87
2117.3
4070.17
1492.56
-1272.08
-1563.34
234.731
3637.7
-3426.39
-22.9376
620.241
-4779.13
4352.3
-534.65
-2562.06
-3069.94
2195.82
-4640.24
-254.992
-3839.72
-2643.45
4199.26
-1489.4
-290.469
3088.46
-359.314
-1704.87
-3530.22
-2784.61
1521.41
-876.346
1516.91
-821.914
3473.91
2919.19
-771.275
-1815.15
-3691.65
1796.01
-3591.14
-4410.09
-2710.55
-3869.87
1647.51
-1588.43
507.832
-2585.72
471.557
857.951
3571.5
986.989
3174.9
-3652.1
-3637.82
1683.7
4030.83
-1336.43
2089.86
-2095.38
-3851.13
-3784.26
2112.08
-3383.06
-911.378
-3443.89
-9.8415
-3164.38
-2495.49
2580.2
-766.214
2460.58
4774.06
-1528.69
-3267.43
-1248.52
-1290.4
855.723
2847.9
3184.87
5.43214
-1158.79
-4934.56
-3076.5
705.351
159.394
-272.511
843.358
3158.95
2030.49
-3566.7
469.237
-4170.92
-2815.98
1493.81
-38.837
1998.76
-4479.52
-1060.2
-2580.98
-117.893
-1237.45
2183.93
1385.38
-3767.49
-1772.27
1555.89
-1310.05
-1505.7
1416.94
-2033.93
-58.2059
4226.99
-4446.98
2159.56
-4618.2
-2650.22
-1421.44
4859.33
-4343.4
-4492.07
904.862
1065.81
-3263.86
4540.86
3172.59
-4199.33
-477.116
4245.72
-1570.34
-4678.3
-1434.45
735.743
-3984.41
-1047.42
2513.78
3631.32
-2099.74
-1426.68
-4357.21
1989.03
-3809.71
-567.447
4655.73
3.43163
-1893.88
-2993.63
2378.1
-346.165
3895.99
2373.22
1793.8
1442.57
3314.89
4854.16
4850.35
1687.05
4229.65
1542.18
-2082.26
-4390.94
-4476.54
2295.58
4551.5
2566.82
1450.88
4007.37
4369.1
3888.77
-3708.55
902.198
-2395.16
-2240.1
2872.95
4937.21
1732.7
4639.49
-457.632
3949.05
-4883.82
2315.69
-2278.16
1946.27
-3431.37
-4019.54
2420.11
-809.393
-1088.86
3073.15
-4199.81
-1821.21
4471.33
-4429.11
4389.04
2773.36
1633.9
-771.704
-1240.07
-2198.28
-1575.46
-3286.8
-1021.76
-3335.59
-394.826
1359.01
-3993.25
2689.79
-1917.67
1386.68
2752.08
-316.553
-1520.46
-4814.5
645.237
-1415.36
1379.97
-4279.05
2685.95
2208.51
2462.25
-2996.47
737.947
2432.9
2830.12
-1483.47
-1770.07
2941.7
-771.254
4131.81
1952.22
-4559.69
-1741.01
830.849
2845.25
-1620.31
-4672.89
3262.57
3848.95
4348.26
3514.84
3556.62
-2866.54
-677.428
-1983.76
2979.35
-3865.85
-3603.18
3899.06
-1791.92
-2251.87
4118.33
-4605.23
4114.1
-4195.13
-4732.42
4205.14
3019.49
-781.427
4396.81
-4039.85
391.639
1209.21
-2686.67
4450.33
614.365
-4668.53
3616.34
-3512.79
2626.9
-2126.79
2817.87
-2552.37
3862.88
4129.4
3862.34
4029.27
-4371.04
2572.24
-669.036
4092.71
4010.21
-653.159
-1812
3413.8
2352.26
3170.38
-2061.71
1171.58
2381.22
1839.55
2489.03
-996.795
3633.75
1355.47
-3013.88
3224.93
-3030.81
1957.76
-3829.36
3851.54
-1734.31
2017.51
-873.09
4349.83
-2569.46
-111.949
-349.602
-3876.9
-1590.5
-3971.3
4343.8
256.41
-3186.93
-3686.21
-4139.14
3062.92
-2905.26
3129.38
4789.34
-3769.28
-4890.73
39.5984
-4560.44
-306.613
3581.59
2532.12
3846.12
2776.79
-1750.26
-2017.47
835.06
-123.037
249.739
-235.008
-626.49
-1899.12
-2057.61
-2049.26
3330.13
3329.16
3816.5
2985.26
-3201.36
1663.42
-523.861
4956.75
434.736
-1193.32
3022.06
640.263
1299.26
13.3811
-1142.34
-3032.95
676.499
4754.43
85.4623
4314.5
-523.211
-396.539
2184.02
-4250.88
462.379
-2793.79
-2110.98
1256.12
3185.32
3652.6
-40.1675
-1647.28
-4965.77
3723.58
-2203.19
4317.37
-2086.01
-1218.47
-4876.2
-112.784
1563.45
-446.11
-1588.28
1474.77
1475.25
-57.359
4486.5
-429.286
989.995
-4265.04
1399.12
1.72016
-2912.68
-3066.15
4266.47
-617.154
-3919.63
366.629
1476.78
-110.521
-341.917
284.885
-2492.73
-4741.54
-1809.49
1453.69
-2494.28
3163.2
-4359.81
1228.84
-3384.95
1252.83
-3177.45
-1343.96
4233.11
-2929.08
-711.578
1639.68
4302.72
-2842.86
-854.517
-269.021
-271.575
-4734.71
1453.61
-2302.19
3320.43
1293.55
-1950.44
1167.15
3589.65
-3963.32
3888.67
3859.33
371.934
3631.67
1508.24
2785.98
4374.49
-444.144
-227.516
3286.25
3524.61
-1774.86
-64.074
-302.294
4326.38
-2715.45
2973.5
-1721.55
-1162
-2025.32
-4268.87
3846.06
-2647.26
-2322.11
-3885.72
4830.51
-1339.55
1712.95
3502.28
-3913.36
-2441.28
992.346
701.648
-2161.51
-2153.39
-223.638
1778.88
826.011
55.6506
-4284.32
-1450.93
2507.06
-2262.5
727.276
-114.247
-4817.59
-4483.25
2874.86
3884.61
3800
266.849
3982.05
1081.15
-1164.81
1050.65
-2361.44
-598.237
-391.979
2305.6
2250.71
-2236.28
3788.09
-1737.46
4165.26
4860.61
-3046.59
-1885.81
-1198.68
2421.61
3101.61
2389.42
3436.44
2110
-4035.15
-2939.61
1332.43
-1134.21
-4230.13
-363.094
874.757
3271.14
2244.07
1738.01
-1399.41
-2683.89
-797.57
-2505.16
4759.03
